43.16477486861467,-1.1408199587551673,6
45.73880846040168,2.3336205021196825,2
49.155390512211326,0.9836581193575151,3
44.467329204466765,0.25668675373565897,2
46.01728316894108,0.1561587646239726,5
44.3507059721977,2.2103915937761,1
46.28534181881966,4.5682096412477335,0
44.594129127925726,-3.0209216732848363,0
47.71921981877829,-0.006001305008858537,3
45.04269751866813,-2.7565416715304716,2
48.45892003244288,1.9929241286636037,6
46.169809322423646,5.485860073010798,0
46.13645440513187,-2.549346361589834,0
46.16927984245608,4.169078185170688,6
49.15922811315202,4.64906023517765,2
45.114798668152226,-0.8670567204933137,0
47.31683042923845,6.241287610960887,4
50.290027675824014,5.380990074250425,4
43.06536193955525,3.169250774943654,4
46.408775954735624,-1.499046001812749,2
47.173979991593505,3.7597002729307576,1
48.093240289709684,5.885617790632553,4
42.03506680522454,-3.679852486508657,1
44.217942969998326,6.252455746312204,1
46.638187206055235,-3.2261531805760644,2
47.1463581705036,-4.496232993444772,6
46.14433195057798,3.681331649946358,6
49.22786629995848,6.750378450686721,5
49.082516747691386,5.462559784923268,4
49.92996528815191,1.4601710119586144,3
48.406184558224425,6.713293097730862,3
46.010798405979514,-4.825375451447453,4
43.72060646984747,3.168201018680559,0
44.85240726993722,5.344236185877669,5
50.28070907458098,3.3149823545880963,3
48.90483412049483,3.944706113838347,5
42.35523888114545,-3.0847056451003456,5
47.37024956345897,6.0777434612984,4
45.386905621818705,6.257949143007197,3
48.797283466388244,0.3424706426558579,3
44.44457457673877,1.7581279851114013,0
48.05618409938257,6.945963386465591,3
42.40972674947224,4.322246570175423,0
42.413915551525676,4.115046280564137,3
50.28932519353004,-0.6048821313488748,1
49.37682425305509,0.023193156920035207,1
42.53080946433371,-4.615211483199056,6
43.9480843688582,3.2177253932476706,2
43.95160812516314,5.5759686747898645,2
43.7891399310131,-3.3472276151023777,2
50.753680296208046,5.090776682814237,3
45.223761279327526,4.967134735963688,6
46.29771593923449,2.4975946054269276,6
44.742623621372196,-1.8478779597148978,1
45.66661568565185,0.6723647570590012,2
49.989475942068495,0.7611460458458481,0
47.035220645464165,-0.18427163054062579,0
47.44426157580968,5.267982892657468,1
43.824772249408944,0.6370735634085367,3
43.57035017224401,-0.8753096814051675,5
42.980482591391926,3.341732300887781,0
43.91177824873871,5.550065895974537,3
45.10337028935557,4.265581353883968,3
44.02900437416118,1.3390928641772248,2
42.05098395424576,3.5676957939826046,0
47.49092479034112,3.5410731917123925,5
44.57227973506796,4.304143460059677,1
42.83917004802928,1.472776733670937,5
48.38734157182755,-3.1415853908780367,1
50.875876483248405,1.798454525493347,2
47.94598959679261,2.957406538130156,2
46.81714533041027,2.274615176923728,2
50.99755238571173,6.90955083656115,5
43.11718686866525,0.5818874601476427,4
46.36696363199683,-0.8526333360050922,2
50.25637202207393,1.2232892501866965,5
46.199765360983086,2.996835448343467,6
46.897281944301845,3.589929684466531,0
46.53747356827171,3.2394447249652636,2
45.93408297046411,-0.8823949287089103,6
48.494927346392885,3.055766286735114,5
45.24874967275346,-1.4274139174479732,2
43.940831330748274,-1.242822639556485,5
46.20005258943312,4.61515309267212,6
42.604827184372326,2.3125479916192067,2
42.136666062821114,4.78691408283637,4
49.43695191107613,1.9048031565074925,3
44.30726537714716,5.5458474006984595,2
46.534335423388555,2.27619100855782,3
48.61461600022955,1.8565073690784244,5
44.618094139556014,6.105141957944074,1
45.36091372312351,-3.5167047363577395,1
43.92441971611817,4.65904693111511,2
49.8594653247898,-1.4130749301419638,5
45.79829308233594,6.669685675545047,6
50.17678621392331,-1.7854255929413605,0
45.51579872944336,-0.7409255162308241,5
42.07652426208579,-1.0191208135726368,6
43.49285715500206,-1.4118902703932759,4
49.50494507223859,-4.562987726666874,6
