48.65350207812022,0.8928853147592055,7
49.968806570154975,2.804621136810547,3
49.40056623664666,2.6059682982805907,0
46.05794882921739,2.108668228083351,3
44.707550621876415,3.820374158729478,2
44.9054567615212,3.6127192939244286,3
47.986801588976995,3.4839935158097166,3
46.553548394079264,0.1735616193992522,4
48.82271645358312,3.5778362293230677,5
44.805231513529684,2.8116689863749107,10
47.66989516028715,1.7826133550169447,2
48.61458711333038,1.7552918872790229,1
49.485418288201956,3.2933137159545853,5
49.27482882688982,3.9208204194192167,6
48.780116071919345,2.792727348429577,4
46.260622919604494,0.9031577421299626,10
47.933656542105325,0.10156054415881277,8
46.73779784176393,0.16015144402523962,2
49.54956365251452,1.045780867336795,4
46.74090359479267,3.4566012575941323,3
46.56670699479951,0.0702019189569536,0
46.70327858771237,0.9419891340988928,0
46.523765631720465,3.451376481099314,5
49.84010851864133,1.009308078174083,0
48.002743211040176,0.34126014681080985,10
45.366935908217286,0.56734317962438,8
44.940038303849526,0.028282250093680794,3
46.25591599930846,1.6734494479995625,3
45.59747696760069,0.9331262248765544,4
44.29603376989248,2.2747525622414715,4
46.28458142474486,0.4198919802019496,6
49.483549661614354,0.7497428068635075,8
44.49170376679176,3.1533553622975816,10
45.753817671675854,2.606791626710806,2
45.894088534387535,1.6963231911388355,5
48.83762684386684,1.6579904126529197,10
46.383723128907086,0.061763953724458975,2
44.67742870011173,2.330910611510887,8
44.21318390248668,1.8131016623476155,7
45.175019592120876,1.3423104252398792,0
46.26017852606263,2.6470249178225407,7
45.369352468026115,2.4796398423763844,5
46.37249629680412,3.1091155509308117,2
47.10872920466348,0.9968456985388432,10
47.74994875563272,1.6509641307197098,3
45.70384760841171,3.3401005145509326,4
45.46270670184986,1.4739315715051111,7
49.16001783263581,2.5089258080328394,6
46.44053595164798,2.0204072406779825,10
44.55738191872944,3.02632539721525,8
48.81725715365526,3.7243886630934555,10
44.67395934755996,3.92050032589535,10
48.70386396862446,2.1949621699396062,9
48.74469583126043,1.0146058029851854,5
44.09729866447393,2.5239485370562957,0
47.33610072132206,2.1398780662534533,2
49.32904479288194,0.7134905648448506,8
48.828134602197,2.488922860095151,0
46.49121918280784,2.3579185868844856,8
47.77437057903997,1.1767770541694276,9
44.512101867858945,2.41161914048905,9
47.98536539467192,1.641874865549379,3
45.732795503185756,1.7014062571353876,4
47.34018925427161,1.3064976323792297,2
46.57255220902803,0.7029062342171977,0
45.571876719567584,0.5539638513318019,8
44.32787133610366,3.180731291429133,8
49.84738769272355,1.5118696098267574,0
49.06691872667323,2.7880958292481224,6
47.96609606942158,3.0788455458435084,0
44.98118674379598,2.2228070123396746,6
44.8813562196886,2.9158997602935104,6
47.215688850477,2.446669914729884,8
44.84124302125887,0.5678204123202839,2
45.52154084403772,1.8990311845251249,6
47.583956114046465,0.5693568218618932,7
49.474181257005796,1.5695989575587048,0
44.86362407132901,3.7476419345855496,8
45.83687799165649,2.0056321005959985,10
46.26457749475231,0.591924929910133,10
44.60085275915402,1.6640936988065054,5
44.268942387814825,2.365756749915928,0
49.5595407710658,1.2735780842059659,7
49.26949644329026,2.3288796088568233,8
46.30973978233864,3.846707060415864,3
49.94706939529368,2.748762983691682,9
45.91215304187514,0.7005176588833177,4
44.50553788136964,2.7423639935452346,1
47.22108861090879,0.17034814504336326,1
49.53667112622837,2.2461775652114957,7
47.28875548682116,2.9121800167616976,5
46.08681927014421,3.6496004217832168,9
44.904185414295576,0.17902888856679944,7
47.671377426802835,1.8800762978657373,6
48.33866113716258,3.044609595068175,1
47.85141734473962,1.4371906018613005,0
45.1954391159361,1.2169818025655998,3
45.287305828513645,2.7825407018399293,0
48.17635346337761,1.692526547082522,5
45.248160510421286,3.962345651590302,6
